1,41795505674121
2,15394114974268
2,0502727042475
0,900380116864448
1,96045451921447
2,04217091486457
1,69609264397886
1,28246127968135
1,8321951271814
1,21293169001601
2,49415249466982
2,04033481941779
2,2363782176709
2,12887908232669
2,17933886273684
2,27933892770348
2,10074982373491
1,84314765278798
1,57030905492765
2,04959376677537
2,04897700226575
1,68906406398916
2,01951234751443
2,23129612652001
1,39943327080631
2,29668680444298
1,93902555656504
1,93199931584869
1,99374087222781
1,65495486129616
1,67340711902059
1,74271820160689
2,16674923339996
2,0038893915974
2,19377260371007
1,70411847363693
2,03252279969928
2,1079470980904
2,15492197387411
1,89695924018398
2,05388073783641
2,26504176818794
1,85227657498127
1,95161342965397
1,91606789293176
1,75149909680392
2,10086249145038
1,86585284118546
2,33036828017566
1,87674160866035
2,14880727369805
1,24422262518177
1,91108379666637
1,51116416180453
2,21045781681953
1,9751012812104
1,99580606032619
2,10906248179847
2,01471434730716
1,77231337607484
2,03153962330653
2,0469638083816
1,45909368083723
1,34495052321095
1,65467203700261
1,40463543091784
2,10703308760712
1,94176673134051
2,41126019288001
1,68301416661094
2,2829405527212
1,5475991152062
1,35278745477506
1,90093086342009
1,72185181679226
1,8710414240977
2,42849567879481
2,17606403236109
1,57181570361859
2,56129320048393
1,69845562256294
2,16320022808673
1,16475982459384
1,87938304441535
2,04857799218025
1,99086562156216
1,93869410998014
2,02581400158623
1,97154200689276
2,3796513156125
2,14292392947308
1,89811118227621
1,21824354719828
1,72799843548753
1,98461970922871
2,00073123652291
1,97643822363644
1,80318648895263
2,34218131261899
2,05063114502771
1,4247434874983
2,02812470412154
1,94879572124947
1,97392712135619
1,8499098453549
1,9903737000966
2,12589329572941
1,33173019108264
1,62985979242361
1,96886877018985
2,01076678714211
1,42955491585039
1,71689930093988
1,6725814258207
2,0117314291533
1,89920205766389
1,76950118592781
1,8625629684349
1,99421127263879
2,04062804009336
2,38492990050414
1,64349763032657
2,17050049143016
2,21423765634863
1,94854644135643
2,0144468467414
1,34332183801461
2,15912850853869
2,0891062906676
1,96432383239073
1,50326801864779
2,0707976127845
1,85979797784657
1,63749424772029
1,22920586006018
1,86329533215285
1,77078154321465
1,99205449702895
2,64013957794581
1,87928419029382
2,30401837157005
2,04050246795702
1,71607676624059
2,10244137809572
2,22538392059356
2,23561227443114
1,82072686514171
2,04101890472896
2,11168070045539
2,05190031701633
1,55202651633446
1,86903103873048
2,1994387525656
1,91172715933915
1,98466165596352
1,44954881137797
2,03538145208283
2,45297100339293
1,62612661541576
1,50843774579999
2,13586237099305
1,91049671456023
1,64691597683814
1,6599138161653
1,88855605535175
2,14752106691892
1,92277972890633
1,80087552896989
2,04223042348945
1,41575337880594
1,37475758246261
1,57453626626755
1,9457600183386
1,67956406791074
2,17292199089729
1,82856631714623
1,76181871456835
2,23228398226366
2,07549400952721
1,21640458121546
1,77470266899565
1,94286214420464
1,9179753049137
1,71037126793017
1,69686492554629
2,05484089438354
2,42363241381004
1,87903904573473
1,40580488657894
1,37281601921916
2,01910035188691
1,34283844683321
1,87250852020623
1,50599996202101
2,14861753046612
2,14091763000324
1,65397035634578
1,44034874833084
0,917991039936089
2,20861744548959
2,05510548022805
1,90643174828167
1,81916967485216
1,68910778225468
1,3410524634752
2,21504620284296
1,5148999924872
1,69674142567022
2,01158335896476
1,49277101571164
2,10910564429002
2,04227586650412
1,46890055614856
1,8301111186415
0,938424838956221
1,61197694095802
1,89738383784174
1,91935032318783
1,97716967176396
1,41501319026755
2,08160257147656
1,75893232543134
1,88571859800878
1,94955663526765
1,81502133183526
1,29639107662309
2,01349102639678
1,91341600695836
2,19215587343819
2,49838714548001
1,49793440297726
1,60308184257447
1,95236390596495
2,04891469224719
1,69556771608387
2,14153505001481
2,03330558267661
2,07791368497704
2,20765715337683
1,785771460379
2,01936885074678
1,56116779805116
1,70433429531415
1,40402071212415
1,45921915980361
1,87242226650949
1,65716720490412
1,6143227731383
2,11131348740786
1,55029867295945
2,14787148328391
1,86457563436397
2,23680236292677
1,83064144433281
1,5054747010834
1,17199962816302
1,80668668776791
1,86045241939326
1,84147459035839
1,80328638792612
1,15171916796717
1,98433707358502
2,3537879112756
2,05776782292933
1,84893854687175
2,12436081929156
2,06689679449561
2,10202671197072
1,26739209459591
2,44774706058846
1,48413265035541
1,61928025135119
1,38795352168759
2,37591437799136
1,63660372968437
1,98035702638523
1,40670419177661
1,52175787239984
1,91017895341666
1,5470209284374
1,61246558702943
1,49692071898347
2,3652256068936
1,78369673686192
2,06515883816397
2,16814381351031
1,31541488582227
1,21955344436764
2,09609866417861
2,0748488642291
2,14276151510695
1,61779865495113
2,0140525862463
2,16705299708347
1,28563384677945
2,2927058627331
1,32985919821497
2,1478111897604
2,41990082910369
2,15042393806692
2,00221989707481
1,74232866133858
1,58840978097925
1,95606946570454
1,71189603001064
1,68841773201305
1,77244237673494
2,14991531244003
1,84291214566959
1,60564817068521
2,06023544897328
1,46585914464998
1,78591871506567
1,81207557964327
2,19778183809977
1,65171617804813
1,84871864225587
1,8943103031829
2,18271120723091
1,72111719253846
1,07537919086507
2,047652961426
1,705136593513
2,15104654222377
1,69780008725583
2,32873334772772
2,14469824183019
2,22410027121482
1,61700477505745
2,06150880173566
2,19071858833303
2,50954015256292
2,11168783780749
1,89129416461707
1,57746783362923
2,12321406707443
2,0792905083288
2,11674427059413
1,55442058653255
1,73898109900592
2,18033949107287
2,30627305562168
2,11124310814206
2,18695454127297
1,90349957092816
2,21573002830158
1,88542164353876
2,07131072888454
1,85010502885676
2,27147388470933
1,9687791517188
1,82150857115278
1,1108637187353
2,01697896548079
1,76760124592633
1,75169984682488
1,85650641686874
2,43659416778644
2,29914006580816
1,77010648687823
1,40872078968862
1,94057594756493
1,52174423344981
1,43248675240844
1,77202157542717
2,09797384245256
1,47959945619479
1,3421696451675
2,19125598901105
1,13693356310286
2,13095691371641
2,39414371511026
1,89260534948613
2,00099063044687
2,1244124536775
2,00625019557601
2,20197031582652
2,03981530730672
1,55579394008804
2,22423472863156
1,73993956046233
1,68346318376039
2,20912040703587
1,8281895592583
1,73275064281539
2,2112088223464
2,33878539339468
2,23535816206134
1,55136685251138
1,96333687472118
1,97343855153454
1,57923198219851
1,80171177245058
1,84567209979401
1,55425226292635
1,79510483236448
1,83247074600742
1,95891938072662
2,02146523128107
2,03441613454391
1,82021153588168
2,13792557971544
1,20319399392118
1,97178692840479
1,73620713731675
2,17622423550133
2,143986537631
1,82324637425549
1,20601826220375
2,26778607620127
1,95265567594402
1,88546060501487
1,50178577945546
1,79696801157951
2,1716414186121
2,20382985611358
1,83087537310144
1,52126409833837
1,89663438116625
2,0845885685984
1,61080721989358
1,96397324911418
1,23794722061833
1,96099853318019
1,82201757049106
2,13652492190765
1,53589498731279
1,85656063179017
1,73219875242393
1,90979130563393
2,35158768457518
1,41707915557816
2,10442518246047
1,97196192534545
2,60698422826455
2,09873276048437
2,1486566692769
2,43950560382219
1,86134967429672
1,45285030461238
2,00109593340876
2,06807708344698
1,28549650168256
1,83702678512422
1,92258548264223
2,19755919957035
2,30748494589155
1,6722199435274
1,47861776587115
1,55400827016261
1,90156265579838
1,70615467100316
1,88542024847498
1,39503919228879
1,28507202267304
2,06586022187134
1,88933769319761
1,75400809319077
1,51168661888184
2,10969530051473
1,47505828754715
1,77207899908902
1,84901321918658
1,72146140138148
1,97087248252121
1,84184945099892
1,9716215991962
1,74417971130114
1,91989027444991
2,12616210075792
2,01858603216137
2,10383508593946
1,3402137782575
1,32890912034593
1,96308216291444
2,31140261689394
1,93000312065393
1,64038472345016
2,24326938777739
1,71441117286191
2,02952785652611
1,35687964552458
1,59435522658003
1,35040994284241
1,29858867525084
2,02367984886969
2,08443569075052
1,65834862903603
1,98130069308967
0,942343410863662
1,54687460669217
2,26163624238486
2,08176526541788
1,87124007063358
1,87515221009396
0,991058227140646
2,09216957822432
2,09933201233299
1,99702418112441
1,75853965662973
2,14902636096672
2,02881775520994
2,6045226733469
1,35000395955851
1,47087608966612
1,37327567797539
1,24287668835339
2,26941179321569
2,36033008502445
1,79380461045371
2,0356978949088
1,61161249414338
1,91811150277272
1,68458593377811
2,02335159752948
1,55319047402131
1,78820033148026
1,69256316656708
1,93141991784137
2,19992090112788
2,1307158910466
2,1341643744315
1,69232472619457
1,97326940424194
1,47485171702157
1,49826039142139
2,1421688387387
2,1239780521259
2,19884777108515
1,77412947755992
1,37410683926768
1,67566204163522
1,45196308510769
1,74751502830461
2,03547600613088
2,08719901387825
1,76726308040952
2,00607484875095
1,98846304175672
1,81256563074271
2,03670200900367
1,98246311551031
1,54047961367461
2,0271499826286
2,22152325576878
1,77191981855478
2,04900512404432
1,05504122398192
2,10581731990878
2,37702899676526
2,17156821985192
2,11479535324243
1,44664912018018
1,69359181238159
1,8381537210617
2,139972267532
2,01366800452558
2,23709477164015
1,57506793874364
2,32736756579164
2,09627799665105
2,32683913918688
1,5827810469178
2,10097995488415
2,08471991490553
1,77767642030708
1,32491056187984
2,04952844011905
1,58321584368757
1,72531958069395
2,20707151728203
2,17305584835169
2,06539851138535
2,27916014738532
2,36698500549243
2,094651403448
1,81900561411451
1,7646698402221
1,7962022661396
1,97799757490248
0,898199160425561
1,69522608809262
0,946757219671342
1,81646631971413
1,61563455903095
1,86796215945261
1,91659564885319
1,83695151767552
1,09450248085808
1,98988538189152
1,12919008167253
2,29987155811031
1,46316709067699
2,42529058995095
2,31803346752549
1,96126775149872
1,22188542251344
1,83155450492592
1,96735639994903
1,56683172153477
1,95501906135252
2,05548448521468
1,62491575627938
2,04100839313416
1,45455916062574
1,9245991381235
1,69344501362907
1,66054220097325
1,83523640121507
1,96645425635884
1,81057099516721
2,00031847896052
1,52141098137786
2,41014833812018
1,98305893369178
1,82994648202016
0,906466684176484
1,4033393174251
2,12686927747412
2,31555630324028
1,46326343046769
1,68743506589416
1,78953069201372
1,89568742891929
2,39455179821108
1,85608113502505
1,75466842779941
1,081665861524
2,01231510870392
2,21755546392828
1,61697548711827
2,32194342105966
2,21080200002139
2,174269831705
1,89721162449224
1,38117406190779
2,38199390164271
1,78666891477262
2,09631203408571
1,88920523593412
1,98892581835447
2,26096604470961
1,82576760527742
1,89299617854191
1,89055513059562
1,38920515857778
2,29975926282805
1,42756129605969
1,56945534391989
1,93771509411542
1,83282923001697
1,7116239190045
1,89784725677779
1,73575223590736
1,79152760499287
1,84791512329771
1,28557543001237
2,00678641626485
2,07738467676817
1,57248748596065
2,11172374403035
2,15103897605051
1,6247028110048
1,93604896263759
1,81608479729849
1,23474409441571
1,91915156842151
0,954234656087551
1,91210832638643
1,84587647508101
1,95926194819379
2,25423276901863
1,545149889958
2,13973391877404
2,05764172743515
1,26852124775818
1,37540348174955
2,24556927118675
1,64633794891917
1,96931440129659
1,62441274970801
1,83886724834489
1,88696242820258
2,31060721729536
2,1707515362127
1,9134460297909
2,019153615925
1,81788009299383
1,90368001234616
1,77000624113554
2,43510787266234
1,93909456000077
1,94013335567578
2,19691147424333
1,83381853293972
1,88668594078806
1,6024797730993
1,64864249552962
1,8875030062082
1,8587529772093
2,53735852293438
1,97980403502399
1,99562413432687
2,075116158799
2,1492124929918
1,7102961297271
1,94380266577133
2,05277702653634
1,89072814102886
1,72250712718265
1,48233168945207
0,992215552912692
1,66199622319792
1,89293204786205
1,95720910845477
2,10127979429791
1,90927099525765
2,28510411823113
1,6107025529217
2,03197965484015
1,71126754224275
1,5497774126458
1,95701020968505
1,74249374811483
1,45697097587632
1,92543884039798
1,82123803705093
1,97342117678985
2,33305963865959
1,35643056957226
2,01281922250865
2,12809316607489
1,75811965340443
2,03621647330013
1,75656290008876
1,9114243388455
1,97230811698734
2,05175292930955
2,32991823893057
2,12022587208899
2,26875384058357
1,85880318526939
1,76813273855363
2,35979838303816
2,40343815062566
1,96899369752733
1,98785998606785
2,07393551967892
1,81955480844032
1,81287471573345
1,85980570034771
1,96934516905348
1,491833044265
2,08755689990918
2,08514708569063
2,19210247407428
2,03992902960127
1,48203939401764
2,17725998333367
2,13716368130367
1,82580327535863
2,08310219587964
1,74065840497982
1,82008037920547
2,03028988866177
2,06117357200767
1,84846098742758
2,23027906771534
0,896128537956582
2,19237535814781
2,09297664255323
2,27982501297303
2,06195617326557
2,50213662742588
0,875147046485287
2,69589504844609
2,11510128796498
1,52239486741935
1,93222266872881
2,3824565472731
2,35641245512411
2,00448792069244
1,62920787459233
1,72331387693083
1,76641154843281
2,06260305008765
2,03061972949588
1,56285111694296
1,82747493491011
1,71281161930201
1,47325439786657
2,07191293430722
1,83816418877995
1,88990285969113
2,20665868475204
2,04436181296566
1,87416143042336
1,69616108432376
1,67259858026959
1,96774788313416
1,96535822071379
2,01491470388952
1,92708848190073
1,43845105231242
1,26320097041448
2,26171366729095
1,69915943334071
1,09955847600545
1,83559557208761
1,94003109601977
1,89265050148056
2,19602948259953
2,21461411660654
1,67226071608531
1,55947276100188
1,98906368963472
1,70415727718016
1,50678231271766
2,22510042784336
2,51313379149791
1,72795269204376
1,52011649633869
1,68234695773287
2,02221324050453
1,46547326498965
1,51290022061979
1,46985873235989
1,58754062067862
2,03364154417948
2,23840136922483
2,020805286994
2,17680271384284
1,29582123564811
1,66878360567994
2,01874347108941
2,16052584872362
2,09744773339464
2,09670665838581
1,6321089685665
1,74726180528368
1,87699955916301
1,89149419297035
1,88662971827331
1,80674674922999
1,45449126233957
1,98815305245505
2,21918595121849
1,8002621444336
2,22212412842741
2,16773198728021
2,34691524798962
2,3461629574081
2,02454864351838
1,98439949152638
2,11309811063074
2,04306301910929
2,00507252525854
1,68320665910874
2,11506521338806
1,38120884467969
1,17016781975989
1,88228806502551
2,02369678874454
1,97703895891987
1,84377174276768
1,9863519621634
2,32965889239097
1,95826210266979
1,69352308872263
1,9096472998508
1,69541835081342
1,76633864511202
1,67235856141165
1,48363313748051
2,28850711360988
1,88694322960668
1,70365946231836
2,42236922528275
1,93640054744499
2,11435021851625
2,43077627375568
2,11335442409533
2,32457972080611
2,1226917045792
1,43932213695857
1,72168508119382
2,13844899823401
1,84937637041518
1,64141882638313
1,93776439890044
1,86483717419981
1,90539800977318
1,76090391440942
1,86520123298765
1,85622837882571
2,20546362751326
1,16453923644545
1,827969588799
2,25741650970244
2,07499611569134
1,66504886973643
2,38488459777749
2,31186313790809
1,57589646262308
1,58502888576793
2,28191592091322
1,45227797819513
1,66285157567852
2,35586578219301
1,92692632160531
1,43802355611903
1,44002169350015
1,46163621209424
1,62063026356753
1,74052890409454
2,10863165917992
1,64227364759579
1,72130337900766
2,13035213435544
1,97207482407273
1,82646676997161
1,89499628724917
1,67029471422007
1,74374600790854
1,52927310621034
2,18494006035007
2,05906040431259
2,10851337895862
1,54085590334316
1,37206724513869
1,77171952019028
1,30342824575593
1,52141630500652
2,20428233438999
1,88090043776441
1,86931767078887
2,06990895991489
2,42887575596197
2,39538845169589
1,48755644390322
1,42379320915728
2,13675234565623
1,4284867084586
1,88917599988109
2,19179817983023
1,79479157343638
2,45678273511319
1,79218460753738
1,41643841356173
1,8586345397087
2,26075009152124
1,6879674308659
2,21655920931809
2,09353134320919
1,29102315006835
1,59434596868567
1,74378843589524
2,08113402715448
1,56514936858046
1,65500721036321
1,74391451670299
2,10734942560754
1,3330345905625
1,9979027530286
1,78072974632475
2,23257493541516
1,10847950257443
1,60547100317649
2,09362855568174
2,02059785665265
2,17942500113792
2,082771498504
1,84535390773092
1,70290651970949
2,06826397609121
1,59504552256394
1,93843815462231
1,84817261408095
2,21700758444327
1,73166970945355
2,0701404525186
1,80342516641742
1,89665951763118
1,93807749569479
2,07876929890019
1,99053967169313
1,80820233242546
2,30629215800512
1,5592905645757
2,01460980480006
1,30712756267548
2,15023517612596
1,29696740457808
2,24233208399259
1,75948531252595
1,5094558101951
1,27520892999922
2,02525098268052
1,90131646443095
2,29306757843834
0,855690485543157
1,82756387482534
2,04568323100952
1,03900031339485
2,02768573432135
1,99801190452426
1,63696482587295
2,09591327444311
2,148804038929
2,28497337046484
1,08466277856351
1,71675373323591
1,93486702932144
1,81725329116647
2,13924998897508
2,26764000754109
2,05053089380016
1,76985554729895
1,8949844724409
2,16383790886834
2,06525984871552
2,15137543923423
1,96356829856054
2,41739040460349
1,67774589776908
1,75593494334374
2,31505026913953
2,03895126720769
2,02309108726172
1,37578804792231
1,82400105911475
1,38277005779813
1,65198159325042
2,35555480779219
2,1414593609091
1,62040755169246
1,76969041872691
2,06346760075437
1,94279196024915
1,86057062157407
1,73839002862553
1,85366300763764
1,91947587223664
2,09115806205322
2,07369800341876
2,1434490573246
1,83124695848816
1,92847822015848
1,74239399558206
1,85170277068485
2,44066664065572
2,02557435961517
1,90107544082705
1,73240149379491
1,66463787044113
1,22589547828349
2,04343735806085
2,07755364417233
1,8927886528576
1,98543387718989
0,878241270003341
1,4245202877805
1,10004076455015
1,83465794035703
1,67318228766549
1,21589659993062
1,79737948279915
2,1386238555272
1,17346513311677
1,89784125306659
1,74473604743064
2,19316306006621
2,09390553960322
2,00115496214117
1,67055694728208
1,66111596579065
1,36144488910772
1,99855915598956
2,04477798489921
1,72072702863202
2,03305378371715
1,65472033505356
1,56502816716649
2,08962308549041
1,49302080870873
2,10312690542482
1,95877628769777
1,70408478515091
1,51696957173634
1,95587434267481
1,3579240606668
1,61878704517489
1,65699623517915
1,91080568970255
1,7642922978189
1,93714633892798
1,57294869685454
1,97513003925146
2,16717119614158
2,0444321878019
2,07562597354137
1,86882082767626
1,9061572376882
1,95584597588959
1,32680852316484
2,46769619663789
2,45059470767932
2,02874435666476
1,5870126847954
2,04238902148387
1,84479191345444
2,12362507225917
1,766689700853
2,26928366425355
2,1748387703058
1,47537118623004
1,93908156237699
1,79085709287954
2,16164382544126
1,81152004986758
1,86963815130779
2,05403635818315
2,23993073153025
1,11924502103212
1,99650796409951
2,46969984928188
1,91598315589685
2,26225667715548
1,81017844288443
1,66455948158822
1,87313834879227
1,49657736688516
2,19076517964534
2,6236547101053
2,19795667968092
1,72262289348596
1,61662612970648
0,414292187461812
1,80449756566435
2,40852236647388
2,16226334684509
2,1433258020751
1,73557388251329
2,07137182606066
1,85053319312099
2,39438655734192
1,45369999847431
2,0855342218082
1,27977593045835
1,98443291664896
1,67651221761068
2,08855919516828
2,05102897697699
1,77507476826425
1,54611293833367
1,96450330170478
2,17657910106744
2,16597372988439
1,8493530974024
1,37725365230839
1,93333419275182
2,33324682932044
1,73423969325951
2,32631838242027
1,51457907812406
2,03508939854224
1,57136900935751
1,47806175627518
2,05774232080664
1,76577319703953
1,95610586698711
2,34160775058681
1,50320737550295
1,92304352828773
1,69884693088912
2,2500319347046
0,999680853102355
1,53767252629718
1,6815883963953
1,36342850026469
1,507533206805
2,03051802324871
2,12130829162145
2,08645665634659
2,20954424205529
1,82006228600325
1,48733784942283
2,09318754535572
1,89070255406087
1,8754484592048
2,06530331756957
1,80761201706608
1,36161688065151
2,17719882634347
1,89040373509174
1,74270472777422
1,57071728254605
1,49443169826456
2,2347186216582
2,18500136785802
1,98657309772751
1,82785284401189
2,13434247136686
2,12435497449236
1,68841609583614
1,86136154429375
2,11253724184017
1,83246251814408
1,63807907976036
1,90617877855359
1,73581365715141
2,08110282461511
1,78789006626333
1,93788998176164
1,96976343836427
2,40854438931976
1,49357364677159
2,15998534557486
2,07315963168634
1,99578216497229
2,0769906624535
1,80161589174844
1,47362273224635
1,82074688809862
1,89117276554889
2,00097319228225
2,15849428537673
1,43909723853038
2,27319699511352
1,61019861380216
2,32931318647472
2,10648661445016
1,69176137719842
1,94862231015085
1,25299846981753
1,42981783541732
1,82196253326747
1,60597277487894
2,04604388805223
1,47358716243274
2,02911092453756
1,22993587353251
2,11419997120431
1,60194066316367
2,12244979406905
2,04080286173949
2,44430966509846
1,77361716927553
1,91791110898181
1,87966291744102
2,0076829118184
1,91313224976702
1,13507207497616
1,90230392882582
1,86905051563659
1,95530130629335
1,64016346196626
1,87593564693096
1,75006922605888
1,5384496195855
1,97706659697621
2,20244418350102
1,62033821719279
1,88205866028232
1,78039700154661
0,984843455857215
2,12716365341763
2,29336780217782
1,50001945456247
2,56593844963
1,71917820689859
1,85102528596827
2,16322640326334
2,10188372459698
1,51388516764808
2,39710803451644
2,03024414263556
1,49059840287156
1,42279363799703
1,56935890191929
1,92118046265144
1,71848194623075
1,91176369678105
1,99039250810362
1,56301595870334
2,41576983137241
2,05548936571764
1,7488511157113
1,86595833208897
1,722837278675
2,00492562663031
2,15055438215819
2,04262593101537
2,38813178578774
1,64110819378182
1,79555401035874
1,92656810543116
1,73697459838106
1,84605688636696
2,60789239112824
1,95464665814297
1,82253132207663
1,53654465103919
1,66531607666829
1,94000763797517
1,43871228475574
1,80213589807901
2,19369180750981
1,95856385509821
1,42024994831064
1,46951822703982
1,81209629244343
1,5721884767394
2,0997124733862
2,08158043447999
2,33103261624668
1,14052185831484
2,06915261952359
1,54542790775543
1,65022212049184
1,67387061672305
2,08211703183879
1,6401679032585
1,65292307078873
1,75880987704616
1,46529468322684
1,83171166583764
2,02312036570549
1,43687286857804
1,61018771969483
1,78644443996278
1,68349243897031
1,75742823724375
1,60115207388359
1,64834961965916
1,695684758577
1,4105707823649
1,67287935778246
1,8602046934505
1,71534425412383
1,6146007413041
2,28873940256459
2,06707866526042
1,17290087090891
1,99070020701098
2,39887127008204
1,61348259208537
1,36253912692023
1,64170637583559
2,54016465015985
1,9968034943677
1,90493236336081
2,06019977332066
1,26293542911587
1,23588805148285
1,65961995031098
1,86982711953873
1,67841142355607
1,9426696937025
1,56017776507832
1,72514928442463
2,14217048539748
1,7251415243521
1,57730057908385
1,33520293216615
1,53807433759595
2,02973770144068
1,32744651213457
1,87649190018023
1,54325785980924
1,91775066357148
1,35210398717802
1,5855413001691
1,79613212688866
1,69463150409406
1,83985482186262
2,3469278228141
2,13570617509126
2,03239262041648
1,77144396320651
1,80049432297434
1,30409873288785
2,45469590539854
2,0432162574564
1,62448933838596
2,06656684273022
1,49551657160059
1,46816194284934
2,23274704143298
1,41620474888328
1,66475113571528
1,60044493204337
1,68995728329644
1,96263668233252
2,09856012738819
1,55640018534035
1,67069602074129
1,91632322415515
2,16077803273613
2,12174108737634
2,14087010126845
2,08976082088116
1,41849874482598
2,26516993658259
1,09824014656088
1,70261035840895
2,25012193101543
1,93597316418302
1,91451616894332
1,98747206736519
1,36608718755157
1,84919971865713
2,17970740871919
2,36804940023992
1,9910475047507
1,78924838882026
1,59578971362913
2,13700153167199
1,86912219081815
1,82685077244355
1,83339831128853
1,89810269441333
2,00344507025016
2,21019950347682
2,24908019863194
1,57823735861476
2,06342549638795
1,92633657706653
1,96386353777032
1,63182137696214
1,97256823106228
2,095140251337
1,88754596895789
1,88888424781848
1,97661904071955
2,08072574067683
2,36432848720009
2,21962804715283
2,22220296236539
2,50275134820493
1,45016518670433
2,49733313957902
1,37809435750569
1,50878165700574
1,8480591317914
2,06191917591614
2,04998985438125
2,1442106146548
1,66391448295445
2,15549841232226
1,90956084625749
2,02223765547553
1,62530132809642
1,79458466761998
1,92429975237661
1,7755210501495
1,52918508371424
1,89798881631142
2,04122740797997
2,20065310366031
2,14615821705245
1,86447555421207
2,28620226009882
2,1153966762605
1,56919508315055
2,05548273159891
1,98981493672416
2,12338707259622
2,22616604861693
1,31090590371747
1,72467767848105
1,55022982485733
2,44301142788466
1,95629891533216
1,62269370695329
1,96078053425822
1,30991867059687
1,75855283918675
1,66288220534612
1,72325329486783
2,39613211974874
1,68747677844014
1,86282019660442
1,92849794549714
2,25157443843537
1,14479992596612
1,93514693011099
1,24462669239192
2,07404016667973
2,03959076309605
1,83117433175902
2,04235190491483
2,11042279210067
1,86353548974764
2,26976676927445
1,57216791972102
2,46916748305179
1,89731016866838
1,40453970416394
1,95051779038842
1,91110896571365
1,74326750859951
1,85342529728035
2,40781388446908
1,90698406714967
1,98292570647364
1,67771829831469
1,55395877146993
1,94203825200887
2,11032711680474
1,60961136836414
2,21445370328708
1,23922619318072
2,54201098319141
1,43551479828446
1,9375827559829
1,77078951898704
1,55672176044611
1,90343475963496
2,00178195042325
1,65532543025114
1,94484033486903
1,40303751976984
1,93404838526049
1,97416117753539
1,9661507116284
1,24033271899785
1,26443410337756
0,999785626192495
1,20782959595679
1,84259530739535
2,10951003516711
2,03680859730518
1,7107801620331
1,45348465093204
1,8187600599401
0,889441476783357
1,60143344615153
1,99436072513332
1,54245123427383
1,59610778401233
1,6458942415631
2,06801397222803
2,17804079078457
1,42979342517034
1,80690880648987
2,07111479688471
1,00719002028515
2,03029038751264
1,42414646173188
2,13070206763872
1,86020761617314
2,3497791394567
2,31435368671623
2,00092219449933
1,55512510647846
1,66916671668684
1,64704217214069
1,18637291851807
2,19560718077554
1,96589285154015
1,87650381635256
1,66449562050475
2,47551916922054
1,97142704850183
2,30080329064882
1,58152061940557
1,94801252550703
1,98177405178189
2,13440758559135
2,04528250848987
1,8061171116093
1,89367950397814
2,03266412391077
1,81828893381119
2,11339759581715
1,74394539539693
1,92045684286647
2,28186932611062
1,91741248089863
1,4938631325804
2,10862318136136
1,81198232225578
1,84168932397421
2,13357292411103
1,67289875796276
1,4442565510134
1,01777674527998
1,92626177450265
2,08809777513027
2,07058528502144
1,78517478067732
2,23328254367207
1,91307493510759
1,73846162589017
1,75054382788598
2,1416090240057
2,214313732179
1,75791526920724
1,63909765114578
1,74563755867019
1,38275361369333
1,7052967930484
2,2322088359432
2,00410209829936
2,21656679557306
1,82405282487697
1,28571322922415
1,69964331474338
2,08248415604911
1,97739816706864
2,20645972801005
2,20984769434506
1,96437033206891
1,93142930390701
1,89899182807567
2,24148795323116
2,02169625640611
2,34903957032932
2,10332230100794
1,62401030067817
1,50837361949764
1,70051073719878
1,38060434096924
2,23724274160641
1,89284025668324
1,78830605941591
1,4720855077446
1,9656585602219
1,91172422564879
1,64593532293401
2,31418744593559
1,98704335759787
1,84931014758514
1,54301343010541
1,62846427321304
1,4109145068899
1,3776876358128
1,82418596158815
2,27054868026974
1,24492624873293
1,8512024549607
2,03842928505762
1,80930381334743
2,41934890166167
1,95312086897495
2,2514606926621
1,87149561455506
2,09017602264166
1,82145269038712
2,00714526570635
1,97299439122082
1,91358186820424
2,41943907901732
1,9851148020316
2,28223930145812
2,20687339607775
1,69577675834795
2,42882537747643
2,12915681968944
1,7298633899467
1,89409013813758
1,77128714710238
2,22293342249641
1,78736397039714
2,17925453981076
2,1123346166458
1,25763857670481
2,0635810252537
1,54232835001387
1,95717993425963
1,63106431386957
1,79383256809693
1,78885670478828
1,87737301145929
1,66953655098914
2,23961864519362
1,94286479635156
1,97196704278375
2,27966037959116
1,67989747118788
2,23538255985019
1,79341664993816
2,32193483755345
1,60356451017386
1,81565600075489
1,30704026256338
2,0736566487963
1,86810828049013
1,89624749325631
1,675200227162
1,52554555839653
1,70993189110683
1,55224510194316
1,91554805271495
1,65788132649619
2,0368405535012
2,11315919253713
1,30096178307899
1,81708535907361
2,04779010272519
1,79618022130378
1,91053063561108
1,96585553923733
1,94556580286262
1,59672024607732
1,90880128556977
1,90681153419545
1,87015274780982
2,35909063358535
1,68910441318196
1,34600533027185
1,73834546545841
1,64253185905591
2,01169800556803
1,63254102700527
2,16122522032868
2,12028928842405
1,91327944990459
1,17610998789732
1,6338372948809
1,55089539009411
2,11269688987694
1,65037007749633
2,2036546573402
2,13764335778105
2,06037954001336
1,55865807097228
2,3701474835098
1,48554109998714
1,81628755390558
1,54176479140907
2,33400493390014
1,91848046423064
2,15026544486991
1,77931781479298
2,16088621702293
1,48432580027434
1,95992786910786
2,10446146763124
1,84987612445304
1,41843039377503
1,69129363194226
2,13574316308973
2,39454217770437
1,71676889881944
1,81724786489172
1,55998344058988
1,9525992841654
1,8044339595477
1,89190966234907
2,23687929061571
1,47062934721451
1,81315262093378
1,82762210168977
1,93502249095535
2,10698003904348
1,78688905928057
2,4122798232602
1,42449297860408
2,25090257654577
1,25284260108321
1,10441296568663
2,38771359057127
1,34243041452628
2,07185170398352
2,05765358998278
1,86310362841405
2,2229416235119
1,82044695856587
1,22190666701317
2,23765849656151
2,08318035471011
1,18164332519745
1,84861699458339
1,67633063683392
1,90658852425807
1,5989913488082
1,67206389740367
1,96728217600655
2,20202363489881
2,52523902681225
1,93581705668119
1,92026545178419
2,28825502313413
2,29739317424743
2,61768803521885
1,78468932118093
1,48624624129056
1,58524080335883
1,73609843925615
1,11946876528385
2,04554930814896
1,72787881818004
1,49699532732987
1,77201822380321
1,74204305074561
1,2993470738565
1,7661242928814
1,75722912439275
1,71966323630653
1,78540927454776
1,56109345195186
2,00555210922383
1,56959953897006
1,85522158168484
2,15846196275855
2,10320041784088
1,67202330834254
1,98775021682255
2,10869394202245
1,73533328544353
2,02196922959839
1,73356482726982
2,50949370799572
1,56484090010403
1,73219470759482
1,8775602622185
1,76896194720916
2,01973912599839
1,9288706796377
1,40243803394062
2,43626545010504
2,01724727707647
2,02094616367999
1,47734080307838
1,49790441164392
1,61278663574031
1,73395424276064
1,97014032080615
1,55670179170234
2,458082300944
2,21409747866917
2,21246903859929
1,20053326447854
2,06096248484506
2,17685765840589
1,60160794750321
2,03492193270451
1,72385866153481
1,58442563234769
1,86590020160316
1,63924279679904
1,97631121268617
1,48009288700472
1,78913958548809
1,98917440250602
2,41887200934368
2,00391637672035
2,15210160984179
2,02981226000075
0,963270389676047
1,90053407843063
1,73307037182312
2,24006058122144
1,95337997897795
1,04365956512844
1,56068726227912
1,86638552511546
2,01429202285926
2,07330854732473
1,84817350087728
1,95574520982845
1,52624932654314
2,2989296512753
1,99248399621088
1,44590560251467
1,60874826978181
2,40624581878547
1,66398178167039
2,41513517591338
1,45433633373283
1,78638588405656
2,22088054682242
1,9458075704138
1,36011340361667
2,37570782227448
1,94799669164953
1,69043930597617
1,91952576636913
2,13998486083503
2,16012035015238
2,00439795224642
2,01086631302483
1,76144389017801
1,93188609618496
1,92556746997391
2,39003048724797
1,6489175625018
1,73338878466163
1,99020208327896
2,34123172803287
1,4404121404015
2,36075218832451
2,28134966922848
2,01404752774772
1,46659560161011
1,65416210170051
1,59457176003253
1,37169309500628
1,43533889402478
2,18043444378652
1,32713655292033
2,08531206612109
1,0714089862003
1,22182568667242
1,09551261763924
1,68354385394535
1,72623987904531
2,30445626874972
1,78269250204691
2,30536885530725
1,91678482428783
1,90140886821345
1,84496303372283
1,97491886500272
2,19627519661485
1,91832539210929
1,52479471744315
1,95121928694528
1,9431240393835
2,14626521280424
1,76494287090655
2,07852143280908
2,18999768319498
2,11596393338714
2,36086141316756
1,31283280148744
2,03390627446031
2,03480068343146
1,59957531333012
2,04597751067541
2,08354499685946
1,21347389453731
1,90190878776704
1,46172940215942
1,77034638327849
2,10196783219273
1,7419100240673
1,89980539702324
2,32458349671592
2,26357842366725
1,9087126203521
1,94735249459954
2,26044047530095
2,02747866880355
1,62891359841
2,33521370646298
1,40006045137582
1,5626181295179
1,59054442449643
1,61812256839794
2,06041585763723
1,88154811274816
1,82260128783966
1,98132139971955
1,72328316289584
2,25641007502577
2,2333963409816
2,0779053306178
1,88283944106191
1,24707251928701
1,93169091813184
2,1614971015982
1,18729906943945
1,42103391081581
1,64684141712295
2,24561055747395
1,93910688562889
1,77501870574815
1,87136739462969
1,82704219489589
1,73119814075022
2,14745568270062
2,21324007932723
1,62941769517813
1,48364997838208
1,64305456769519
2,21653275555426
1,97523647987133
2,00249136389871
1,4486398239617
1,27175455987913
1,6053906346269
1,74084029037018
1,82696562701464
2,14825249572521
1,63555803701684
2,4358750107338
2,39847228151243
1,87699553990212
1,70505775755629
1,56805557901454
1,4271189410067
1,94610040522187
1,40607971490424
2,12593698547412
2,01863073809306
1,0800799605588
2,12456626447646
1,9874299325584
1,5872877431832
1,85633119694327
1,89701939520403
2,15032524672797
1,59860430643041
2,07712196368845
1,94258031104381
1,76632006743818
1,97709613909316
2,16653118241133
2,09889201481123
2,24606098548999
2,00138195781703
1,62935346187649
2,12048035535761
2,14715019085851
1,81168921265065
2,30050675668433
1,92500335219963
2,06900786941609
2,35900897180472
1,96535267438451
2,03174747718467
1,57094669612314
2,08237558239456
1,70261091831408
1,63890113703469
1,60032283569057
2,04939954018791
1,43161579059626
2,07092434960836
1,83377162603288
2,28645409134127
1,82758709457591
1,68171477445283
0,82282633130475
1,33808452466236
2,23521679281766
2,25226828889234
2,00191891924693
1,96155125417788
1,84633263376103
1,94485991337093
2,01419400326163
2,35893322535058
2,0028000418111
2,141731471871
1,65946907548492
1,02774767079297
2,30556267478111
1,68109048843461
2,34348449870179
2,33001045324914
1,26639142273864
1,86263642209965
1,87279187482055
1,43722532946172
2,10203110203936
2,47399371354705
1,75869245699048
1,94763871868822
1,84482333026932
2,17626060526573
1,81146896946405
1,93025122410403
2,00220549474428
2,32201407268446
1,04553211901147
2,17972508665114
2,00013637668039
2,13619458153559
1,62148929472364
1,07605629556699
2,04674669821374
1,8865860740218
1,88295211750913
1,79540556311579
1,57656070491952
2,01877222203045
1,73832015411862
2,12260624948687
1,29933879630426
1,84574308526542
1,66511821268215
2,05904854458678
1,95967067551967
1,73936518796898
1,68786187211811
1,91287471822663
2,47934073033742
1,9037891294614
2,07062947824704
1,82596859858691
1,99775073877976
2,64486846432157
2,21406359313073
1,69002382513264
2,09318898683584
2,03034857713733
1,80553450784829
1,91536997810357
2,63463511309822
2,46195755751267
1,36875268845606
1,98690134168242
2,10710974277883
2,05213130761635
1,91786418211082
2,11647367347765
1,94523985137328
1,78432643123244
1,98976960150655
1,85275493485356
1,65128501409592
1,9471339202965
2,05903601596325
1,90958550602835
2,41933035759514
1,94646653143861
1,10783171151965
2,11855237098485
1,40581576805507
1,98387684424345
1,58861832828499
2,14119578335484
1,73214299538651
1,40633895580251
1,22406811123889
1,69092460417143
1,86736914914079
1,86875649853959
1,72518404956497
2,12050353061352
1,9195186800404
1,29526058192864
1,93015689661668
1,55336897774201
1,80556292362666
1,8687925928077
1,67345229020066
1,9556481817938
2,13461492650339
0,763348593222149
2,19453895697722
1,45952501032387
1,87151335095045
2,16657989302117
1,96456249155455
1,93403431596207
1,37713173677035
2,07907445665303
1,89457496835373
1,63173076765434
2,11813243948736
1,86808933146151
1,37697341386853
1,97563419305116
1,87107845616774
1,53817518917933
2,30153995421732
1,9649122086578
2,20870608105028
2,45261881481432
1,4640365266512
1,40092298441354
1,62981302900292
1,46283475436575
2,50641627439688
1,50298644299636
1,65152324647675
1,0919771943214
1,94041289137558
2,0648846049529
1,69386046900461
1,368322090365
1,68371376103721
1,88322415739905
1,85281743366589
1,75504624280623
1,92793165283804
2,19629550361571
1,85759984858765
2,06980813381198
1,46221382860202
2,01536331143084
2,02055352868405
1,2552987037564
2,43891821534148
2,13791046687566
0,902095798200993
1,9219112195626
2,03393188820781
1,66695541938241
2,28199911970086
1,98872028788363
2,08177321089534
1,62222284858835
1,41178782118313
2,27046957451358
1,77165211350209
2,19021427016362
1,81924645172633
1,87772793986923
2,05724480494465
1,27239152953817
2,19808531613621
1,84263928917662
1,51823926781426
1,1493974145235
2,23125060553357
1,4570896255732
1,84617714371768
1,65999862664784
1,93933035707683
1,39108871269226
1,68193924617662
1,64783493883292
1,91458691650852
2,16244801957704
1,43231582830473
2,21804424514177
1,73979726468207
2,22844222002769
1,7034522823057
1,54083682572354
1,54988300156838
1,51351142767541
2,04428953608557
2,24052161738796
1,50987606608749
2,32774960478122
2,21064553607754
1,9596427927299
1,47200403829109
1,85206260658836
1,86946741460125
2,18314904887817
1,93766141214004
1,49925102879406
1,88156119744023
2,12505104772367
1,50295385620038
1,83033710425135
1,87501113253319
1,22710068218052
2,04584517936945
1,80159510642484
2,31106997661481
2,11591824338364
1,63249589474152
1,49691539316277
2,19804260431928
1,41723803445629
2,16984610649113
1,65384778486574
2,33439275384825
1,5649123352294
1,75203703420888
1,37323027703612
1,71629444520766
1,49412554695739
2,14626555936591
1,93745309746577
1,78430276760224
2,14749401809416
1,26393424950664
2,12947853143214
1,96366088279903
1,82005112951626
2,02038502938704
1,78585439245314
1,86282810042651
1,91328850158497
2,13750449826219
1,94611978084465
1,63394696085085
1,88423416343821
2,46806352408317
1,77529483699482
2,26019132150672
2,18644150062757
1,78810520155849
1,35612005504198
1,7485449821683
1,93657327138472
2,08759387441686
2,65972241416766
2,37815181325536
2,04567614963396
2,13707107076461
2,19494189824321
1,4844528255977
1,59300527317299
0,860013188994487
1,93011505353262
2,12230374046249
2,47585709808417
2,07773787416985
1,99972595809073
1,63637057430345
1,79758471950934
2,02806288793687
2,17230091624846
1,70130377757471
1,92974846394459
2,20057929021025
2,20085430923165
2,21598376803063
1,69721865099828
1,74890292494126
1,87755705025297
1,00891961706482
2,2789552974607
1,98926503185629
2,17323154195517
1,91743409739793
1,67798250692263
2,03914035903714
2,03320869274378
1,85714801425609
1,79244959382022
1,87365203216381
1,85682466601649
1,28462153868905
1,78543620797202
1,64323839446145
1,94721660073798
1,87503125991015
1,83695467259859
2,14742280066743
1,62821533143624
2,16060120201619
1,99899252735528
2,19879325314263
1,99493411551591
1,35232490414524
1,86337988304936
2,14531307162865
1,88447519116519
2,05792602742023
1,76847918724222
2,1254219399214
2,13129144476883
2,48136154776393
1,51200302309374
1,99038264330907
2,19056503239464
2,1439491099208
2,14324390271546
1,79648772570928
1,50751181245146
1,66833403422268
1,6691278124507
1,45381665818025
1,63317068688916
1,44409986150353
1,95099313639031
1,95640041197106
0,848337772567665
2,01539586507683
1,78123295203016
1,96099292030384
1,45136377391915
1,93887691447439
1,22088758293525
2,38066760524523
1,66880586130181
0,960781665585906
1,64363634497325
1,95802954550461
2,06355363089958
1,82850023675765
2,0660884597369
2,31938022454099
2,14279301772871
2,28726758497298
1,59374553292844
1,77416337603521
2,29251935790338
1,78189440913693
1,97710209696259
2,39104256161767
1,79346305700907
1,59769136266307
1,33760526328633
2,00613726011068
1,63881377591117
2,25527626318292
1,61800069937267
2,00823201479701
1,88700873761777
2,09620631608149
2,22535887041928
1,66892818957681
1,54305573918773
1,46963328746837
1,76551688359889
2,07391550867019
1,7359787415007
1,85052498852993
1,5822769290388
1,69859725508596
2,03634674863236
2,20992413492827
1,81760296649268
1,75096344176558
2,00476246847016
2,07876405953793
2,09544632540133
1,86771442489922
1,91848661906791
2,70152307362128
2,22294807556715
1,83864138026133
1,68479316149376
1,91246867581401
1,76759153885174
1,83471051445976
1,36088291294273
2,1991555685115
1,83426531965463
2,29654769619367
1,92688153776665
2,48683800604926
1,87396824648712
1,29958262304419
2,09621982903841
1,11727971713226
1,5741323106562
2,0171977905551
1,90258933074111
2,18212426839935
1,8126387797531
1,73501406723602
1,88827620297403
2,31971080576808
1,42258556351176
2,11624322735426
1,4811132366582
1,81647351197561
1,43062128284809
2,26202566129513
1,77134956061551
1,91586684540947
1,64616687328303
2,32641246375774
2,32925051309633
1,85518474902135
1,57127211436725
1,73877392071609
1,95269369310064
1,64976523807081
1,84754432484832
2,32142288475101
1,74107855330105
1,7581671057716
2,2491765002234
1,74217791110438
1,65934155099685
1,4236583898824
2,11310283251429
2,01463944619892
2,03178374767342
2,25082748854969
2,13808517673252
2,10377096501749
1,46699066287371
1,93123483776449
1,68378538926771
1,40708283468606
1,1809730488119
1,39705459373137
1,76949496329373
2,4408924341749
1,83187616456809
1,6207821699562
1,67336937998122
1,95957760948682
1,00705703603261
1,7540565212995
1,88302431353868
1,68205737213134
0,792900448660094
1,85804163006868
1,60743926650754
1,96972631393781
1,84962985591068
1,73637447387864
1,89924085837568
1,70277387998369
1,91409805549217
1,78811213385674
1,88904745808265
2,08598357900207
2,02764454612026
2,25228262015168
1,48203174284402
1,51651234154894
1,65424546834449